CPU NODE SOCKET CORE L1d:L1i:L2:L3 ONLINE    MAXMHZ    MINMHZ
  0    0      0    0 0:0:0:0          yes 3700.0000 1000.0000
  1    1      1    1 1:1:1:1          yes 3700.0000 1000.0000
  2    0      0    2 2:2:2:0          yes 3700.0000 1000.0000
  3    1      1    3 3:3:3:1          yes 3700.0000 1000.0000
  4    0      0    4 4:4:4:0          yes 3700.0000 1000.0000
  5    1      1    5 5:5:5:1          yes 3700.0000 1000.0000
  6    0      0    6 6:6:6:0          yes 3700.0000 1000.0000
  7    1      1    7 7:7:7:1          yes 3700.0000 1000.0000
  8    0      0    8 8:8:8:0          yes 3700.0000 1000.0000
  9    1      1    9 9:9:9:1          yes 3700.0000 1000.0000
 10    0      0   10 10:10:10:0       yes 3700.0000 1000.0000
 11    1      1   11 11:11:11:1       yes 3700.0000 1000.0000
 12    0      0   12 12:12:12:0       yes 3700.0000 1000.0000
 13    1      1   13 13:13:13:1       yes 3700.0000 1000.0000
 14    0      0   14 14:14:14:0       yes 3700.0000 1000.0000
 15    1      1   15 15:15:15:1       yes 3700.0000 1000.0000
 16    0      0   16 16:16:16:0       yes 3700.0000 1000.0000
 17    1      1   17 17:17:17:1       yes 3700.0000 1000.0000
 18    0      0   18 18:18:18:0       yes 3700.0000 1000.0000
 19    1      1   19 19:19:19:1       yes 3700.0000 1000.0000
 20    0      0   20 20:20:20:0       yes 3700.0000 1000.0000
 21    1      1   21 21:21:21:1       yes 3700.0000 1000.0000
 22    0      0   22 22:22:22:0       yes 3700.0000 1000.0000
 23    1      1   23 23:23:23:1       yes 3700.0000 1000.0000
 24    0      0   24 24:24:24:0       yes 3700.0000 1000.0000
 25    1      1   25 25:25:25:1       yes 3700.0000 1000.0000
 26    0      0   26 26:26:26:0       yes 3700.0000 1000.0000
 27    1      1   27 27:27:27:1       yes 3700.0000 1000.0000
 28    0      0   28 28:28:28:0       yes 3700.0000 1000.0000
 29    1      1   29 29:29:29:1       yes 3700.0000 1000.0000
 30    0      0   30 30:30:30:0       yes 3700.0000 1000.0000
 31    1      1   31 31:31:31:1       yes 3700.0000 1000.0000
 32    0      0   32 32:32:32:0       yes 3700.0000 1000.0000
 33    1      1   33 33:33:33:1       yes 3700.0000 1000.0000
 34    0      0   34 34:34:34:0       yes 3700.0000 1000.0000
 35    1      1   35 35:35:35:1       yes 3700.0000 1000.0000
 36    0      0   36 36:36:36:0       yes 3700.0000 1000.0000
 37    1      1   37 37:37:37:1       yes 3700.0000 1000.0000
 38    0      0   38 38:38:38:0       yes 3700.0000 1000.0000
 39    1      1   39 39:39:39:1       yes 3700.0000 1000.0000
 40    0      0    0 0:0:0:0          yes 3700.0000 1000.0000
 41    1      1    1 1:1:1:1          yes 3700.0000 1000.0000
 42    0      0    2 2:2:2:0          yes 3700.0000 1000.0000
 43    1      1    3 3:3:3:1          yes 3700.0000 1000.0000
 44    0      0    4 4:4:4:0          yes 3700.0000 1000.0000
 45    1      1    5 5:5:5:1          yes 3700.0000 1000.0000
 46    0      0    6 6:6:6:0          yes 3700.0000 1000.0000
 47    1      1    7 7:7:7:1          yes 3700.0000 1000.0000
 48    0      0    8 8:8:8:0          yes 3700.0000 1000.0000
 49    1      1    9 9:9:9:1          yes 3700.0000 1000.0000
 50    0      0   10 10:10:10:0       yes 3700.0000 1000.0000
 51    1      1   11 11:11:11:1       yes 3700.0000 1000.0000
 52    0      0   12 12:12:12:0       yes 3700.0000 1000.0000
 53    1      1   13 13:13:13:1       yes 3700.0000 1000.0000
 54    0      0   14 14:14:14:0       yes 3700.0000 1000.0000
 55    1      1   15 15:15:15:1       yes 3700.0000 1000.0000
 56    0      0   16 16:16:16:0       yes 3700.0000 1000.0000
 57    1      1   17 17:17:17:1       yes 3700.0000 1000.0000
 58    0      0   18 18:18:18:0       yes 3700.0000 1000.0000
 59    1      1   19 19:19:19:1       yes 3700.0000 1000.0000
 60    0      0   20 20:20:20:0       yes 3700.0000 1000.0000
 61    1      1   21 21:21:21:1       yes 3700.0000 1000.0000
 62    0      0   22 22:22:22:0       yes 3700.0000 1000.0000
 63    1      1   23 23:23:23:1       yes 3700.0000 1000.0000
 64    0      0   24 24:24:24:0       yes 3700.0000 1000.0000
 65    1      1   25 25:25:25:1       yes 3700.0000 1000.0000
 66    0      0   26 26:26:26:0       yes 3700.0000 1000.0000
 67    1      1   27 27:27:27:1       yes 3700.0000 1000.0000
 68    0      0   28 28:28:28:0       yes 3700.0000 1000.0000
 69    1      1   29 29:29:29:1       yes 3700.0000 1000.0000
 70    0      0   30 30:30:30:0       yes 3700.0000 1000.0000
 71    1      1   31 31:31:31:1       yes 3700.0000 1000.0000
 72    0      0   32 32:32:32:0       yes 3700.0000 1000.0000
 73    1      1   33 33:33:33:1       yes 3700.0000 1000.0000
 74    0      0   34 34:34:34:0       yes 3700.0000 1000.0000
 75    1      1   35 35:35:35:1       yes 3700.0000 1000.0000
 76    0      0   36 36:36:36:0       yes 3700.0000 1000.0000
 77    1      1   37 37:37:37:1       yes 3700.0000 1000.0000
 78    0      0   38 38:38:38:0       yes 3700.0000 1000.0000
 79    1      1   39 39:39:39:1       yes 3700.0000 1000.0000